X:
  528| 2612| 3140| ************************************************************************************************************************************************************************************************************************************************************************
  528| 2615| 3143| *************************************************************************************************************************************************************************************************************************************************************************
  531| 2603| 3134| ********************************************************************************************************************************************************************************************************************************************************************
  544| 2588| 3132| *******************************************************************************************************************************************************************************************************************************************************************
  559| 2608| 3167| ****************************************************************************************************************************************************************************************************************************************************************************************
  568| 2608| 3176| *********************************************************************************************************************************************************************************************************************************************************************************************
  574| 2587| 3161| ************************************************************************************************************************************************************************************************************************************************************************************
  576| 2586| 3162| *************************************************************************************************************************************************************************************************************************************************************************************
  579| 2589| 3168| ****************************************************************************************************************************************************************************************************************************************************************************************
  580| 2588| 3168| ****************************************************************************************************************************************************************************************************************************************************************************************
  592| 2576| 3168| ****************************************************************************************************************************************************************************************************************************************************************************************
  592| 2583| 3175| *********************************************************************************************************************************************************************************************************************************************************************************************
  593| 2581| 3174| ********************************************************************************************************************************************************************************************************************************************************************************************
  601| 2608| 3209| *****************************************************************************************************************************************************************************************************************************************************************************************************************
  603| 2594| 3197| **********************************************************************************************************************************************************************************************************************************************************************************************************
  607| 2715| 3322| *************************************************************************************************************************************************************************************************************************************************************************************************************************************************************************************
  616| 2583| 3199| ***********************************************************************************************************************************************************************************************************************************************************************************************************
  619| 2677| 3296| *********************************************************************************************************************************************************************************************************************************************************************************************************************************************************************
  619| 2689| 3308| ****************************************************************************************************************************************************************************************************************************************************************************************************************************************************************************
  624| 2684| 3308| ****************************************************************************************************************************************************************************************************************************************************************************************************************************************************************************
  624| 2693| 3317| **********************************************************************************************************************************************************************************************************************************************************************************************************************************************************************************
  624| 2703| 3327| ****************************************************************************************************************************************************************************************************************************************************************************************************************************************************************************************
  624| 2703| 3327| ****************************************************************************************************************************************************************************************************************************************************************************************************************************************************************************************
  624| 2704| 3328| ****************************************************************************************************************************************************************************************************************************************************************************************************************************************************************************************
  625| 2719| 3344| **************************************************************************************************************************************************************************************************************************************************************************************************************************************************************************************************
  630| 2710| 3340| ************************************************************************************************************************************************************************************************************************************************************************************************************************************************************************************************
  635| 2720| 3355| *********************************************************************************************************************************************************************************************************************************************************************************************************************************************************************************************************
  638| 2705| 3343| *************************************************************************************************************************************************************************************************************************************************************************************************************************************************************************************************
  639| 2692| 3331| ******************************************************************************************************************************************************************************************************************************************************************************************************************************************************************************************
  639| 2704| 3343| *************************************************************************************************************************************************************************************************************************************************************************************************************************************************************************************************
  640| 2715| 3355| *********************************************************************************************************************************************************************************************************************************************************************************************************************************************************************************************************
  640| 2715| 3355| *********************************************************************************************************************************************************************************************************************************************************************************************************************************************************************************************************
  641| 2684| 3325| ***************************************************************************************************************************************************************************************************************************************************************************************************************************************************************************************
  652| 2719| 3371| ******************************************************************************************************************************************************************************************************************************************************************************************************************************************************************************************************************
  655| 2688| 3343| *************************************************************************************************************************************************************************************************************************************************************************************************************************************************************************************************
  676| 2707| 3383| *************************************************************************************************************************************************************************************************************************************************************************************************************************************************************************************************************************
  683| 2592| 3275| *********************************************************************************************************************************************************************************************************************************************************************************************************************************************************
  688| 2595| 3283| *************************************************************************************************************************************************************************************************************************************************************************************************************************************************************
  691| 2737| 3428| ****************************************************************************************************************************************************************************************************************************************************************************************************************************************************************************************************************************************************
  700| 2715| 3415| *********************************************************************************************************************************************************************************************************************************************************************************************************************************************************************************************************************************************
  703| 2733| 3436| *********************************************************************************************************************************************************************************************************************************************************************************************************************************************************************************************************************************************************
  705| 2704| 3409| *****************************************************************************************************************************************************************************************************************************************************************************************************************************************************************************************************************************************
  708| 2721| 3429| *****************************************************************************************************************************************************************************************************************************************************************************************************************************************************************************************************************************************************
  712| 2711| 3423| *************************************************************************************************************************************************************************************************************************************************************************************************************************************************************************************************************************************************
  716| 2703| 3419| ***********************************************************************************************************************************************************************************************************************************************************************************************************************************************************************************************************************************************
  717| 2680| 3397| **********************************************************************************************************************************************************************************************************************************************************************************************************************************************************************************************************************************
  717| 2701| 3418| **********************************************************************************************************************************************************************************************************************************************************************************************************************************************************************************************************************************************
  719| 2705| 3424| **************************************************************************************************************************************************************************************************************************************************************************************************************************************************************************************************************************************************
  719| 2731| 3450| ******************************************************************************************************************************************************************************************************************************************************************************************************************************************************************************************************************************************************************
  720| 2706| 3426| ***************************************************************************************************************************************************************************************************************************************************************************************************************************************************************************************************************************************************
  720| 2736| 3456| *********************************************************************************************************************************************************************************************************************************************************************************************************************************************************************************************************************************************************************
  722| 2691| 3413| *******************************************************************************************************************************************************************************************************************************************************************************************************************************************************************************************************************************************
  722| 2707| 3429| *****************************************************************************************************************************************************************************************************************************************************************************************************************************************************************************************************************************************************
  723| 2687| 3410| ******************************************************************************************************************************************************************************************************************************************************************************************************************************************************************************************************************************************
  724| 2704| 3428| ****************************************************************************************************************************************************************************************************************************************************************************************************************************************************************************************************************************************************
  734| 2705| 3439| ***********************************************************************************************************************************************************************************************************************************************************************************************************************************************************************************************************************************************************
  736| 2688| 3424| **************************************************************************************************************************************************************************************************************************************************************************************************************************************************************************************************************************************************
  770| 2733| 3503| *************************************************************************************************************************************************************************************************************************************************************************************************************************************************************************************************************************************************************************************************
  779| 2595| 3374| ********************************************************************************************************************************************************************************************************************************************************************************************************************************************************************************************************************
  816| 2609| 3425| ***************************************************************************************************************************************************************************************************************************************************************************************************************************************************************************************************************************************************
 1507| 1647| 3154| ********************************************************************************************************************************************************************************************************************************************************************************
 1519| 1636| 3155| *********************************************************************************************************************************************************************************************************************************************************************************
 1519| 1647| 3166| ***************************************************************************************************************************************************************************************************************************************************************************************
 1520| 1621| 3141| ************************************************************************************************************************************************************************************************************************************************************************
 1527| 1631| 3158| **********************************************************************************************************************************************************************************************************************************************************************************
 1527| 1632| 3159| ***********************************************************************************************************************************************************************************************************************************************************************************
 1529| 1631| 3160| ************************************************************************************************************************************************************************************************************************************************************************************
 1532| 1635| 3167| ****************************************************************************************************************************************************************************************************************************************************************************************
 1535| 1628| 3163| *************************************************************************************************************************************************************************************************************************************************************************************
 1576| 1639| 3215| *********************************************************************************************************************************************************************************************************************************************************************************************************************
 1589| 1557| 3146| ***************************************************************************************************************************************************************************************************************************************************************************
 1594| 1584| 3178| **********************************************************************************************************************************************************************************************************************************************************************************************
 1597| 1566| 3163| *************************************************************************************************************************************************************************************************************************************************************************************
 1599| 1584| 3183| *************************************************************************************************************************************************************************************************************************************************************************************************
 1599| 1586| 3185| ***************************************************************************************************************************************************************************************************************************************************************************************************
 1603| 1555| 3158| **********************************************************************************************************************************************************************************************************************************************************************************
 1607| 1555| 3162| *************************************************************************************************************************************************************************************************************************************************************************************
 1615| 1567| 3182| *************************************************************************************************************************************************************************************************************************************************************************************************
 1648| 1588| 3236| *********************************************************************************************************************************************************************************************************************************************************************************************************************************
 1696| 1594| 3290| ******************************************************************************************************************************************************************************************************************************************************************************************************************************************************************
 1713| 1584| 3297| **********************************************************************************************************************************************************************************************************************************************************************************************************************************************************************
 1719| 1584| 3303| *************************************************************************************************************************************************************************************************************************************************************************************************************************************************************************
 1728| 1589| 3317| **********************************************************************************************************************************************************************************************************************************************************************************************************************************************************************************
 1728| 1591| 3319| ***********************************************************************************************************************************************************************************************************************************************************************************************************************************************************************************
 1733| 1595| 3328| ****************************************************************************************************************************************************************************************************************************************************************************************************************************************************************************************
 1735| 1587| 3322| *************************************************************************************************************************************************************************************************************************************************************************************************************************************************************************************
 1739| 1582| 3321| ************************************************************************************************************************************************************************************************************************************************************************************************************************************************************************************
 1741| 1581| 3322| *************************************************************************************************************************************************************************************************************************************************************************************************************************************************************************************
 1754| 1584| 3338| **********************************************************************************************************************************************************************************************************************************************************************************************************************************************************************************************
 1755| 1573| 3328| ****************************************************************************************************************************************************************************************************************************************************************************************************************************************************************************************
 1797| 1681| 3478| **********************************************************************************************************************************************************************************************************************************************************************************************************************************************************************************************************************************************************************************
 1802| 1711| 3513| *******************************************************************************************************************************************************************************************************************************************************************************************************************************************************************************************************************************************************************************************************
 1808| 1691| 3499| ***********************************************************************************************************************************************************************************************************************************************************************************************************************************************************************************************************************************************************************************************
 1811| 1691| 3502| *************************************************************************************************************************************************************************************************************************************************************************************************************************************************************************************************************************************************************************************************
 1813| 1696| 3509| *****************************************************************************************************************************************************************************************************************************************************************************************************************************************************************************************************************************************************************************************************
 1813| 1697| 3510| ******************************************************************************************************************************************************************************************************************************************************************************************************************************************************************************************************************************************************************************************************
 1823| 1687| 3510| ******************************************************************************************************************************************************************************************************************************************************************************************************************************************************************************************************************************************************************************************************
 1830| 1699| 3529| *****************************************************************************************************************************************************************************************************************************************************************************************************************************************************************************************************************************************************************************************************************
 1867| 1708| 3575| *********************************************************************************************************************************************************************************************************************************************************************************************************************************************************************************************************************************************************************************************************************************************
 1887| 1557| 3444| **************************************************************************************************************************************************************************************************************************************************************************************************************************************************************************************************************************************************************
 1887| 1570| 3457| **********************************************************************************************************************************************************************************************************************************************************************************************************************************************************************************************************************************************************************
 1891| 1576| 3467| ****************************************************************************************************************************************************************************************************************************************************************************************************************************************************************************************************************************************************************************
 1892| 1562| 3454| ********************************************************************************************************************************************************************************************************************************************************************************************************************************************************************************************************************************************************************
 1898| 1553| 3451| ******************************************************************************************************************************************************************************************************************************************************************************************************************************************************************************************************************************************************************
 1902| 1561| 3463| *************************************************************************************************************************************************************************************************************************************************************************************************************************************************************************************************************************************************************************
 1904| 1567| 3471| ******************************************************************************************************************************************************************************************************************************************************************************************************************************************************************************************************************************************************************************
 1905| 1578| 3483| *************************************************************************************************************************************************************************************************************************************************************************************************************************************************************************************************************************************************************************************
 1907| 1569| 3476| *********************************************************************************************************************************************************************************************************************************************************************************************************************************************************************************************************************************************************************************
 1969| 1719| 3688| ****************************************************************************************************************************************************************************************************************************************************************************************************************************************************************************************************************************************************************************************************************************************************************************************************************
 1980| 1566| 3546| ***************************************************************************************************************************************************************************************************************************************************************************************************************************************************************************************************************************************************************************************************************************
 2623|  511| 3134| ********************************************************************************************************************************************************************************************************************************************************************
 2625|  443| 3068| ****************************************************************************************************************************************************************************************************************************
 2625|  455| 3080| ************************************************************************************************************************************************************************************************************************************
 2626|  453| 3079| ***********************************************************************************************************************************************************************************************************************************
 2628|  449| 3077| **********************************************************************************************************************************************************************************************************************************
 2631|  435| 3066| ***************************************************************************************************************************************************************************************************************************
 2638|  460| 3098| **********************************************************************************************************************************************************************************************************************************************
 2639|  447| 3086| ***************************************************************************************************************************************************************************************************************************************
 2640|  448| 3088| ****************************************************************************************************************************************************************************************************************************************
 2640|  449| 3089| *****************************************************************************************************************************************************************************************************************************************
 2642|  446| 3088| ****************************************************************************************************************************************************************************************************************************************
 2643|  448| 3091| ******************************************************************************************************************************************************************************************************************************************
 2644|  447| 3091| ******************************************************************************************************************************************************************************************************************************************
 2651|  463| 3114| ********************************************************************************************************************************************************************************************************************************************************
 2653|  464| 3117| **********************************************************************************************************************************************************************************************************************************************************
 2655|  439| 3094| ********************************************************************************************************************************************************************************************************************************************
 2661|  454| 3115| *********************************************************************************************************************************************************************************************************************************************************
 2663|  559| 3222| *************************************************************************************************************************************************************************************************************************************************************************************************************************
 2670|  566| 3236| *********************************************************************************************************************************************************************************************************************************************************************************************************************************
 2671|  560| 3231| ******************************************************************************************************************************************************************************************************************************************************************************************************************************
 2672|  562| 3234| ********************************************************************************************************************************************************************************************************************************************************************************************************************************
 2673|  563| 3236| *********************************************************************************************************************************************************************************************************************************************************************************************************************************
 2681|  566| 3247| ****************************************************************************************************************************************************************************************************************************************************************************************************************************************
 2682|  570| 3252| *******************************************************************************************************************************************************************************************************************************************************************************************************************************************
 2683|  566| 3249| *****************************************************************************************************************************************************************************************************************************************************************************************************************************************
 2702|  559| 3261| ************************************************************************************************************************************************************************************************************************************************************************************************************************************************
 2704|  531| 3235| *********************************************************************************************************************************************************************************************************************************************************************************************************************************
 2705|  528| 3233| *******************************************************************************************************************************************************************************************************************************************************************************************************************************
 2707|  566| 3273| *******************************************************************************************************************************************************************************************************************************************************************************************************************************************************
 2720|  545| 3265| ***************************************************************************************************************************************************************************************************************************************************************************************************************************************************
 2721|  546| 3267| ****************************************************************************************************************************************************************************************************************************************************************************************************************************************************
 2722|  552| 3274| ********************************************************************************************************************************************************************************************************************************************************************************************************************************************************
 2725|  536| 3261| ************************************************************************************************************************************************************************************************************************************************************************************************************************************************
 2731|  548| 3279| ***********************************************************************************************************************************************************************************************************************************************************************************************************************************************************
 2736|  499| 3235| *********************************************************************************************************************************************************************************************************************************************************************************************************************************
 2736|  538| 3274| ********************************************************************************************************************************************************************************************************************************************************************************************************************************************************
 2740|  549| 3289| *****************************************************************************************************************************************************************************************************************************************************************************************************************************************************************
 2743|  593| 3336| *********************************************************************************************************************************************************************************************************************************************************************************************************************************************************************************************
 2746|  464| 3210| ******************************************************************************************************************************************************************************************************************************************************************************************************************
 2746|  672| 3418| **********************************************************************************************************************************************************************************************************************************************************************************************************************************************************************************************************************************************
 2747|  631| 3378| **********************************************************************************************************************************************************************************************************************************************************************************************************************************************************************************************************************
 2756|  589| 3345| ***************************************************************************************************************************************************************************************************************************************************************************************************************************************************************************************************
 2756|  591| 3347| ****************************************************************************************************************************************************************************************************************************************************************************************************************************************************************************************************
 2758|  651| 3409| *****************************************************************************************************************************************************************************************************************************************************************************************************************************************************************************************************************************************
 2765|  583| 3348| ****************************************************************************************************************************************************************************************************************************************************************************************************************************************************************************************************
 2766|  599| 3365| ***************************************************************************************************************************************************************************************************************************************************************************************************************************************************************************************************************
 2768|  578| 3346| ***************************************************************************************************************************************************************************************************************************************************************************************************************************************************************************************************
 2770|  560| 3330| ******************************************************************************************************************************************************************************************************************************************************************************************************************************************************************************************
 2771|  592| 3363| *************************************************************************************************************************************************************************************************************************************************************************************************************************************************************************************************************
 2775|  586| 3361| ************************************************************************************************************************************************************************************************************************************************************************************************************************************************************************************************************
 2794|  432| 3226| ***************************************************************************************************************************************************************************************************************************************************************************************************************************
 2799|  666| 3465| ***************************************************************************************************************************************************************************************************************************************************************************************************************************************************************************************************************************************************************************
 2808|  627| 3435| *********************************************************************************************************************************************************************************************************************************************************************************************************************************************************************************************************************************************************
 2820|  577| 3397| **********************************************************************************************************************************************************************************************************************************************************************************************************************************************************************************************************************************
 2823|  624| 3447| ****************************************************************************************************************************************************************************************************************************************************************************************************************************************************************************************************************************************************************
 2836|  636| 3472| *******************************************************************************************************************************************************************************************************************************************************************************************************************************************************************************************************************************************************************************
 3084|  640| 3724| **************************************************************************************************************************************************************************************************************************************************************************************************************************************************************************************************************************************************************************************************************************************************************************************************************************************
 3155|  639| 3794| ********************************************************************************************************************************************************************************************************************************************************************************************************************************************************************************************************************************************************************************************************************************************************************************************************************************************************************************
 3166|  641| 3807| ****************************************************************************************************************************************************************************************************************************************************************************************************************************************************************************************************************************************************************************************************************************************************************************************************************************************************************************************
 3183|  634| 3817| **********************************************************************************************************************************************************************************************************************************************************************************************************************************************************************************************************************************************************************************************************************************************************************************************************************************************************************************************
Y:
   78| 2720| 2798| **********************************************************
   87| 2704| 2791| ******************************************************
   88| 2711| 2799| ***********************************************************
   89| 2731| 2820| ************************************************************************
   91| 2696| 2787| ****************************************************
   91| 2701| 2792| *******************************************************
   93| 2705| 2798| **********************************************************
   94| 2704| 2798| **********************************************************
   94| 2712| 2806| ***************************************************************
   94| 2719| 2813| *******************************************************************
   95| 2711| 2806| ***************************************************************
   95| 2718| 2813| *******************************************************************
   95| 2727| 2822| *************************************************************************
   96| 2711| 2807| ****************************************************************
  100| 2719| 2819| ***********************************************************************
  101| 2691| 2792| *******************************************************
  103| 2704| 2807| ****************************************************************
  104| 2701| 2805| ***************************************************************
  105| 2719| 2824| **************************************************************************
  107| 2748| 2855| *********************************************************************************************
  111| 2687| 2798| **********************************************************
  111| 2688| 2799| ***********************************************************
  111| 2707| 2818| **********************************************************************
  112| 2677| 2789| *****************************************************
  112| 2694| 2806| ***************************************************************
  112| 2703| 2815| *********************************************************************
  113| 2703| 2816| *********************************************************************
  114| 2674| 2788| ****************************************************
  114| 2701| 2815| *********************************************************************
  115| 2684| 2799| ***********************************************************
  115| 2688| 2803| *************************************************************
  115| 2696| 2811| ******************************************************************
  117| 2686| 2803| *************************************************************
  118| 2704| 2822| *************************************************************************
  118| 2704| 2822| *************************************************************************
  119| 2672| 2791| ******************************************************
  119| 2694| 2813| *******************************************************************
  121| 2677| 2798| **********************************************************
  122| 2690| 2812| *******************************************************************
  123| 2683| 2806| ***************************************************************
  123| 2690| 2813| *******************************************************************
  123| 2698| 2821| ************************************************************************
  124| 2676| 2800| ************************************************************
  125| 2676| 2801| ************************************************************
  126| 2677| 2803| *************************************************************
  127| 2679| 2806| ***************************************************************
  128| 2679| 2807| ****************************************************************
  128| 2680| 2808| ****************************************************************
  128| 2686| 2814| ********************************************************************
  128| 2688| 2816| *********************************************************************
  128| 2691| 2819| ***********************************************************************
  129| 2688| 2817| **********************************************************************
  131| 2668| 2799| ***********************************************************
  131| 2683| 2814| ********************************************************************
  131| 2690| 2821| ************************************************************************
  131| 2691| 2822| *************************************************************************
  132| 2704| 2836| *********************************************************************************
  136| 2677| 2813| *******************************************************************
  141| 2683| 2824| **************************************************************************
  148| 2682| 2830| ******************************************************************************
 1319| 1488| 2807| ****************************************************************
 1328| 1502| 2830| ******************************************************************************
 1328| 1509| 2837| **********************************************************************************
 1329| 1499| 2828| ****************************************************************************
 1329| 1501| 2830| ******************************************************************************
 1330| 1483| 2813| *******************************************************************
 1338| 1487| 2825| ***************************************************************************
 1342| 1495| 2837| **********************************************************************************
 1343| 1500| 2843| *************************************************************************************
 1347| 1505| 2852| *******************************************************************************************
 1371| 1442| 2813| *******************************************************************
 1375| 1447| 2822| *************************************************************************
 1376| 1454| 2830| ******************************************************************************
 1383| 1457| 2840| ************************************************************************************
 1386| 1446| 2832| *******************************************************************************
 1387| 1448| 2835| *********************************************************************************
 1389| 1454| 2843| *************************************************************************************
 1391| 1435| 2826| ***************************************************************************
 1391| 1447| 2838| **********************************************************************************
 1392| 1469| 2861| ************************************************************************************************
 1408| 1399| 2807| ****************************************************************
 1411| 1404| 2815| *********************************************************************
 1412| 1388| 2800| ************************************************************
 1414| 1392| 2806| ***************************************************************
 1419| 1389| 2808| ****************************************************************
 1420| 1396| 2816| *********************************************************************
 1421| 1405| 2826| ***************************************************************************
 1423| 1403| 2826| ***************************************************************************
 1423| 1408| 2831| ******************************************************************************
 1423| 1411| 2834| ********************************************************************************
 1424| 1399| 2823| *************************************************************************
 1424| 1407| 2831| ******************************************************************************
 1424| 1408| 2832| *******************************************************************************
 1424| 1409| 2833| *******************************************************************************
 1426| 1360| 2786| ***************************************************
 1431| 1398| 2829| *****************************************************************************
 1431| 1407| 2838| **********************************************************************************
 1434| 1390| 2824| **************************************************************************
 1435| 1380| 2815| *********************************************************************
 1439| 1396| 2835| *********************************************************************************
 1439| 1398| 2837| **********************************************************************************
 1439| 1402| 2841| ************************************************************************************
 1441| 1383| 2824| **************************************************************************
 1441| 1399| 2840| ************************************************************************************
 1442| 1380| 2822| *************************************************************************
 1443| 1407| 2850| ******************************************************************************************
 1446| 1380| 2826| ***************************************************************************
 1455| 1380| 2835| *********************************************************************************
 1459| 1381| 2840| ************************************************************************************
 1460| 1402| 2862| *************************************************************************************************
 2511|  336| 2847| ****************************************************************************************
 2512|  335| 2847| ****************************************************************************************
 2512|  336| 2848| ****************************************************************************************
 2512|  351| 2863| *************************************************************************************************
 2515|  336| 2851| ******************************************************************************************
 2517|  327| 2844| **************************************************************************************
 2517|  329| 2846| ***************************************************************************************
 2519|  336| 2855| *********************************************************************************************
 2519|  343| 2862| *************************************************************************************************
 2524|  338| 2862| *************************************************************************************************
 2543|  295| 2838| **********************************************************************************
 2544|  291| 2835| *********************************************************************************
 2544|  299| 2843| *************************************************************************************
 2544|  310| 2854| ********************************************************************************************
 2545|  295| 2840| ************************************************************************************
 2545|  303| 2848| ****************************************************************************************
 2546|  306| 2852| *******************************************************************************************
 2548|  311| 2859| ***********************************************************************************************
 2550|  300| 2850| ******************************************************************************************
 2551|  299| 2850| ******************************************************************************************
 2553|  307| 2860| ************************************************************************************************
 2557|  282| 2839| ***********************************************************************************
 2559|  276| 2835| *********************************************************************************
 2559|  290| 2849| *****************************************************************************************
 2559|  291| 2850| ******************************************************************************************
 2559|  300| 2859| ***********************************************************************************************
 2567|  270| 2837| **********************************************************************************
 2567|  272| 2839| ***********************************************************************************
 2570|  274| 2844| **************************************************************************************
 2570|  277| 2847| ****************************************************************************************
 2572|  265| 2837| **********************************************************************************
 2573|  272| 2845| ***************************************************************************************
 2573|  288| 2861| ************************************************************************************************
 2574|  304| 2878| **********************************************************************************************************
 2575|  273| 2848| ****************************************************************************************
 2575|  295| 2870| ******************************************************************************************************
 2576|  262| 2838| **********************************************************************************
 2576|  272| 2848| ****************************************************************************************
 2576|  273| 2849| *****************************************************************************************
 2576|  278| 2854| ********************************************************************************************
 2577|  272| 2849| *****************************************************************************************
 2577|  272| 2849| *****************************************************************************************
 2579|  284| 2863| *************************************************************************************************
 2579|  321| 2900| ************************************************************************************************************************
 2580|  287| 2867| ****************************************************************************************************
 2582|  247| 2829| *****************************************************************************
 2582|  272| 2854| ********************************************************************************************
 2585|  272| 2857| **********************************************************************************************
 2586|  255| 2841| ************************************************************************************
 2586|  273| 2859| ***********************************************************************************************
 2587|  243| 2830| ******************************************************************************
 2587|  276| 2863| *************************************************************************************************
 2594|  303| 2897| **********************************************************************************************************************
 2599|  259| 2858| **********************************************************************************************
 2605|  240| 2845| ***************************************************************************************
 2606|  254| 2860| ************************************************************************************************
 2606|  264| 2870| ******************************************************************************************************
 2607|  255| 2862| *************************************************************************************************
 2614|  254| 2868| ****************************************************************************************************
 2615|  256| 2871| ******************************************************************************************************
